1.016
1.0148
1.0136
1.0124
1.0112
1.01
1.01
1.01
1.01
1.01
1.01
1.01
1.01
1.01
1.01
1.01
1.01
1.01
1.01
1.01
1.01
1.01
1.01
1.01
1.01
1.01
1.01
1.01
1.01
1.01
1.01
1.01
1.01
1.01
1.01
1.01
1.01
1.01
1.01
1.01
1.01
1.01
1.01
1.01
1.01
1.01
1.0094
1.0088
1.0082
1.0075999999999998
1.007
1.0033999999999998
0.9997999999999999
0.9962
0.9925999999999999
0.989
0.9925999999999999
0.9962
0.9997999999999999
1.0033999999999998
1.007
1.007
1.007
1.007
1.007
1.007
1.007
1.007
1.007
1.007
1.007
1.0066
1.0062
1.0057999999999998
1.0053999999999998
1.005
1.005
1.005
1.005
1.005
1.005
1.005
1.005
1.005
1.005
1.005
1.005
1.005
1.005
1.005
1.005
1.005
1.005
1.005
1.005
1.005
1.005
1.005
1.005
1.005
1.005
1.0051999999999999
1.0053999999999998
1.0056
1.0058
1.006
1.0068
1.0076
1.0084
1.0092
1.01
1.0078
1.0056
1.0034
1.0012
0.999
0.9992
0.9994
0.9996
0.9998
1.0
1.0008
1.0016
1.0024
1.0032
1.004
1.004
1.004
1.004
1.004
1.004
1.004
1.004
1.004
1.004
1.004
1.004
1.004
1.004
1.004
1.004
1.004
1.004
1.004
1.004
1.004
1.004
1.004
1.004
1.004
1.004
1.004
1.004
1.004
1.004
1.004
1.004
1.004
1.004
1.004
1.004
1.0042
1.0044
1.0046
1.0048
1.005
1.0051999999999999
1.0053999999999998
1.0056
1.0058
1.006
1.0068
1.0076
1.0084
1.0092
1.01
1.0084
1.0068
1.0052
1.0036
1.002
1.0008
0.9996
0.9984
0.9972
0.996
0.996
0.996
0.996
0.996
0.996
0.996
0.996
0.996
0.996
0.996
0.996
0.996
0.996
0.996
0.996
0.996
0.996
0.996
0.996
0.996
0.996
0.996
0.996
0.996
0.996
0.996
0.996
0.996
0.996
0.996
0.996
0.996
0.996
0.996
0.996
0.9962
0.9964
0.9966
0.9968
0.997
0.9972
0.9974
0.9976
0.9978
0.998
0.9982
0.9984
0.9986
0.9988
0.999
0.9988
0.9986
0.9984
0.9982
0.998
0.9976
0.9972
0.9968
0.9964
0.996
0.9958
0.9956
0.9954
0.9952
0.995
0.995
0.995
0.995
0.995
0.995
0.9948
0.9946
0.9944
0.9942
0.994
0.994
0.994
0.994
0.994
0.994
0.9942
0.9944
0.9946
0.9948
0.995
0.9952
0.9954
0.9956
0.9958
0.996
0.996
0.996
0.996
0.996
0.996
0.9958
0.9956
0.9954
0.9952
0.995
0.9948
0.9946
0.9944
0.9942
0.994
0.9918
0.9896
0.9873999999999999
0.9852
0.983
0.983
0.983
0.983
0.983
0.983
0.983
0.983
0.983
0.983
0.983
0.983
0.983
0.983
0.983
0.983
0.983
0.983
0.983
0.983
0.983
0.983
0.983
0.983
0.983
0.983
0.983
0.983
0.983
0.983
0.983
0.983
0.983
0.983
0.983
0.983
0.983
0.983
0.983
0.983
0.983
0.9832
0.9833999999999999
0.9836
0.9838
0.984
0.984
0.984
0.984
0.984
0.984
0.9838
0.9836
0.9833999999999999
0.9832
0.983
0.9822
0.9813999999999999
0.9806
0.9798
0.979
0.9792
0.9793999999999999
0.9796
0.9798
0.98
0.98
0.98
0.98
0.98
0.98
0.9798
0.9796
0.9793999999999999
0.9792
0.979
0.979
0.979
0.979
0.979
0.979
0.979
0.979
0.979
0.979
0.979
0.979
0.979
0.979
0.979
0.979
0.979
0.979
0.979
0.979
0.979
0.979
0.979
0.979
0.979
0.979
0.979
0.979
0.979
0.979
0.979
0.9792
0.9793999999999999
0.9796
0.9798
0.98
0.98
0.98
0.98
0.98
0.98
0.9802
0.9803999999999999
0.9806
0.9808
0.981
0.982
0.983
0.984
0.985
0.986
0.9862
0.9863999999999999
0.9866
0.9868
0.987
0.987
0.987
0.987
0.987
0.987
0.987
0.987
0.987
0.987
0.987
0.987
0.987
0.987
0.987
0.987
0.9868
0.9866
0.9863999999999999
0.9862
0.986
0.986
0.986
0.986
0.986
0.986
0.9853999999999999
0.9848
0.9842
0.9836
0.983
0.983
0.983
0.983
0.983
0.983
0.9828
0.9826
0.9823999999999999
0.9822
0.982
0.982
0.982
0.982
0.982
0.982
0.9818
0.9816
0.9813999999999999
0.9812
0.981
0.9808
0.9806
0.9803999999999999
0.9802
0.98
0.9798
0.9796
0.9793999999999999
0.9792
0.979
0.979
0.979
0.979
0.979
0.979
0.979
0.979
0.979
0.979
0.979
0.9788
0.9786
0.9783999999999999
0.9782
0.978
0.9783999999999999
0.9788
0.9792
0.9796
0.98
0.98
0.98
0.98
0.98
0.98
0.98
0.98
0.98
0.98
0.98
0.98
0.98
0.98
0.98
0.98
0.98
0.98
0.98
0.98
0.98
0.98
0.98
0.98
0.98
0.98
0.9798
0.9796
0.9793999999999999
0.9792
0.979
0.9783999999999999
0.9778
0.9772
0.9766
0.976
0.976
0.976
0.976
0.976
0.976
0.976
0.976
0.976
0.976
0.976
0.976
0.976
0.976
0.976
0.976
0.976
0.976
0.976
0.976
0.976
0.976
0.976
0.976
0.976
0.976
0.976
0.976
0.976
0.976
0.976
0.976
0.976
0.976
0.976
0.976
0.9736
0.9712
0.9688
0.9663999999999999
0.964
0.9643999999999999
0.9648
0.9652
0.9656
0.966
0.9662
0.9663999999999999
0.9666
0.9668
0.967
0.9666
0.9662
0.9658
0.9653999999999999
0.965
0.9653999999999999
0.9658
0.9662
0.9666
0.967
0.9662
0.9653999999999999
0.9646
0.9638
0.963
0.9643999999999999
0.9658
0.9672
0.9686
0.97
0.9698
0.9696
0.9693999999999999
0.9692
0.969
0.969
0.969
0.969
0.969
0.969
0.9686
0.9682
0.9678
0.9673999999999999
0.967
0.967
0.967
0.967
0.967
0.967
0.9668
0.9666
0.9663999999999999
0.9662
0.966
0.966
0.966
0.966
0.966
0.966
0.966
0.966
0.966
0.966
0.966
0.9662
0.9663999999999999
0.9666
0.9668
0.967
0.969
0.971
0.973
0.975
0.977
0.9752
0.9733999999999999
0.9716
0.9698
0.968
0.968
0.968
0.968
0.968
0.968
0.968
0.968
0.968
0.968
0.968
0.968
0.968
0.968
0.968
0.968
0.968
0.968
0.968
0.968
0.968
0.9666
0.9652
0.9638
0.9623999999999999
0.961
0.961
0.961
0.961
0.961
0.961
0.961
0.961
0.961
0.961
0.961
0.961
0.961
0.961
0.961
0.961
0.9606
0.9601999999999999
0.9598
0.9593999999999999
0.959
0.9588
0.9586
0.9583999999999999
0.9581999999999999
0.958
0.9578
0.9576
0.9573999999999999
0.9571999999999999
0.957
0.9568
0.9566
0.9563999999999999
0.9561999999999999
0.956
0.9558
0.9556
0.9553999999999999
0.9551999999999999
0.955
0.955
0.955
0.955
0.955
0.955
0.9548
0.9546
0.9543999999999999
0.9541999999999999
0.954
0.954
0.954
0.954
0.954
0.954
0.9541999999999999
0.9543999999999999
0.9546
0.9548
0.955
0.9548
0.9546
0.9543999999999999
0.9541999999999999
0.954
0.9558
0.9576
0.9593999999999999
0.9611999999999999
0.963
0.963
0.963
0.963
0.963
0.963
0.9628
0.9626
0.9623999999999999
0.9621999999999999
0.962
0.9621999999999999
0.9623999999999999
0.9626
0.9628
0.963
0.9633999999999999
0.9638
0.9642
0.9646
0.965
0.965
0.965
0.965
0.965
0.965
0.9652
0.9653999999999999
0.9656
0.9658
0.966
0.9658
0.9656
0.9653999999999999
0.9652
0.965
0.9638
0.9626
0.9613999999999999
0.9601999999999999
0.959
0.959
0.959
0.959
0.959
0.959
0.9603999999999999
0.9618
0.9632
0.9646
0.966
0.966
0.966
0.966
0.966
0.966
0.966
0.966
0.966
0.966
0.966
0.966
0.966
0.966
0.966
0.966
0.966
0.966
0.966
0.966
0.966
0.9662
0.9663999999999999
0.9666
0.9668
0.967
0.9673999999999999
0.9678
0.9682
0.9686
0.969
0.9683999999999999
0.9678
0.9672
0.9666
0.966
0.9658
0.9656
0.9653999999999999
0.9652
0.965
0.9652
0.9653999999999999
0.9656
0.9658
0.966
0.9663999999999999
0.9668
0.9672
0.9676
0.968
0.9682
0.9683999999999999
0.9686
0.9688
0.969
0.969
0.969
0.969
0.969
0.969
0.969
0.969
0.969
0.969
0.969
0.969
0.969
0.969
0.969
0.969
0.969
0.969
0.969
0.969
0.969
0.969
0.969
0.969
0.969
0.969
0.9692
0.9693999999999999
0.9696
0.9698
0.97
0.9706
0.9712
0.9718
0.9723999999999999
0.973
0.9732
0.9733999999999999
0.9736
0.9738
0.974
0.974
0.974
0.974
0.974
0.974
0.974
0.974
0.974
0.974
0.974
0.974
0.974
0.974
0.974
0.974
0.9742
0.9743999999999999
0.9746
0.9748
0.975
0.9752
0.9753999999999999
0.9756
0.9758
0.976
0.976
0.976
0.976
0.976
0.976
0.976
0.976
0.976
0.976
0.976
0.976
0.976
0.976
0.976
0.976
0.976
0.976
0.976
0.976
0.976
0.9758
0.9756
0.9753999999999999
0.9752
0.975
0.9743999999999999
0.9738
0.9732
0.9726
0.972
0.972
0.972
0.972
0.972
0.972
0.971
0.97
0.969
0.968
0.967
0.967
0.967
0.967
0.967
0.967
0.967
0.967
0.967
0.967
0.967
0.967
0.967
0.967
0.967
0.967
0.9672
0.9673999999999999
0.9676
0.9678
0.968
0.968
0.968
0.968
0.968
0.968
0.968
0.968
0.968
0.968
0.968
0.9682
0.9683999999999999
0.9686
0.9688
0.969
0.969
0.969
0.969
0.969
0.969
0.969
0.969
0.969
0.969
0.969
0.9682
0.9673999999999999
0.9666
0.9658
0.965
0.9668
0.9686
0.9703999999999999
0.9722
0.974
0.9736
0.9732
0.9728
0.9723999999999999
0.972
0.972
0.972
0.972
0.972
0.972
0.972
0.972
0.972
0.972
0.972
0.972
0.972
0.972
0.972
0.972
0.9728
0.9736
0.9743999999999999
0.9752
0.976
0.976
0.976
0.976
0.976
0.976
0.9758
0.9756
0.9753999999999999
0.9752
0.975
0.9753999999999999
0.9758
0.9762
0.9766
0.977
0.977
0.977
0.977
0.977
0.977
0.9772
0.9773999999999999
0.9776
0.9778
0.978
0.9783999999999999
0.9788
0.9792
0.9796
0.98
0.9796
0.9792
0.9788
0.9783999999999999
0.978
0.9778
0.9776
0.9773999999999999
0.9772
0.977
0.977
0.977
0.977
0.977
0.977
0.9772
0.9773999999999999
0.9776
0.9778
0.978
0.978
0.978
0.978
0.978
0.978
0.978
0.978
0.978
0.978
0.978
0.978
0.978
0.978
0.978
0.978
0.978
0.978
0.978
0.978
0.978
0.978
0.978
0.978
0.978
0.978
0.9776
0.9772
0.9768
0.9763999999999999
0.976
0.9753999999999999
0.9748
0.9742
0.9736
0.973
0.9743999999999999
0.9758
0.9772
0.9786
0.98
0.9802
0.9803999999999999
0.9806
0.9808
0.981
0.981
0.981
0.981
0.981
0.981
0.9812
0.9813999999999999
0.9816
0.9818
0.982
0.9818
0.9816
0.9813999999999999
0.9812
0.981
0.981
0.981
0.981
0.981
0.981
0.981
0.981
0.981
0.981
0.981
0.981
0.981
0.981
0.981
0.981
0.9808
0.9806
0.9803999999999999
0.9802
0.98
0.98
0.98
0.98
0.98
0.98
0.9798
0.9796
0.9793999999999999
0.9792
0.979
0.9788
0.9786
0.9783999999999999
0.9782
0.978
0.98
0.982
0.984
0.986
0.988
0.9882
0.9884
0.9886
0.9888
0.989
0.9892
0.9894
0.9896
0.9898
0.99
0.99
0.99
0.99
0.99
0.99
0.9898
0.9896
0.9894
0.9892
0.989
0.9892
0.9894
0.9896
0.9898
0.99
0.9894
0.9888
0.9882
0.9876
0.987
0.9868
0.9866
0.9863999999999999
0.9862
0.986
0.986
0.986
0.986
0.986
0.986
0.986
0.986
0.986
0.986
0.986
0.986
0.986
0.986
0.986
0.986
0.9853999999999999
0.9848
0.9842
0.9836
0.983
0.9822
0.9813999999999999
0.9806
0.9798
0.979
0.983
0.987
0.991
0.995
0.999
0.999
0.999
0.999
0.999
0.999
0.999
0.999
0.999
0.999
0.999
0.999
0.999
0.999
0.999
0.999
0.9988
0.9986
0.9984
0.9982
0.998
0.9982
0.9984
0.9986
0.9988
0.999
0.999
0.999
0.999
0.999
0.999
0.9986
0.9982
0.9978
0.9974
0.997
0.9968
0.9966
0.9964
0.9962
0.996
0.9942
0.9924
0.9906
0.9888
0.987
0.987
0.987
0.987
0.987
0.987
0.9873999999999999
0.9878
0.9882
0.9886
0.989
0.9904
0.9918
0.9932
0.9946
0.996
0.9958
0.9956
0.9954
0.9952
0.995
0.9948
0.9946
0.9944
0.9942
0.994
0.9932
0.9924
0.9916
0.9908
0.99
0.99
0.99
0.99
0.99
0.99
0.9898
0.9896
0.9894
0.9892
0.989
0.9886
0.9882
0.9878
0.9873999999999999
0.987
0.987
0.987
0.987
0.987
0.987
0.987
0.987
0.987
0.987
0.987
0.987
0.987
0.987
0.987
0.987
0.9872
0.9873999999999999
0.9876
0.9878
0.988
0.9888
0.9896
0.9904
0.9912
0.992
0.9932
0.9944
0.9956
0.9968
0.998
0.998
0.998
0.998
0.998
0.998
0.9982
0.9984
0.9986
0.9988
0.999
0.9992
0.9994
0.9996
0.9998
1.0
1.0
1.0
1.0
1.0
1.0
1.0002
1.0004
1.0006
1.0008
1.001
1.001
1.001
1.001
1.001
1.001
1.001
1.001
1.001
1.001
1.001
1.001
1.001
1.001
1.001
1.001
1.001
1.001
1.001
1.001
1.001
1.0011999999999999
1.0013999999999998
1.0016
1.0018
1.002
1.0032
1.0044
1.0056
1.0068
1.008
1.008
1.008
1.008
1.008
1.008